1     33.57480    40.67350    113.253    106.615    14848.595   947458.688
2      5.70738     2.00000    114.000    114.000     2462.334  1428397.858
3      5.57802     2.00000    114.000    114.000     2402.300   666516.567
4      5.81376     2.00000    114.000    114.000     2509.884   833206.333
5      5.55958     2.00000    114.000    114.000     2395.065   799850.840
6      6.41890     2.34483    114.000    114.000     2923.130   263317.214
7     34.62990    67.70190    111.340    107.010    15313.582    40558.616
8     33.00000    34.97380    112.692    111.183     1089.898     2679.025
9     32.98860    33.14300    113.184    112.652     2253.788     5659.379
10    32.98990    34.18010    113.287    112.490     2619.520     6357.382
11    32.92740    32.79220    113.639    113.275     3497.615     7162.810
12    32.85890    29.60260    113.764    113.374     4488.880     5791.078
13    29.39130    33.59230    112.513    111.915     4675.763    16000.444
14    24.21300    22.73580    112.619    110.357     1524.561    12923.225
15    32.97460    17.63520    113.558    113.267     2241.081     8194.645
16    32.99930    25.03140    113.308    112.768     2056.335     5648.724
17    32.98900    27.72290    113.629    113.111     2898.777     5440.623
18    32.95780    27.81120    113.745    113.485     4498.058     6885.117
19    28.02960    30.14320    111.458    112.516     4024.152    15322.738
20    23.18450    22.24600    111.181    110.194     1228.282     8696.480
21    32.99550    20.98590    113.408    112.995     2144.628     9144.197
22    32.95990    20.45320    113.567    112.926     2232.788     6452.756
23    32.90380    22.54150    113.599    113.085     3283.175     5546.851
24    22.96750    17.88450    113.846    113.744     3019.380     4609.541
25    26.73890    30.57610    113.048    112.673     4106.192    16159.707
26    22.75190    27.89720    113.277    110.992     1297.067    14244.605
27    32.96080    24.10400    113.313    112.620     1721.601     5615.759
28    32.99240    22.45450    113.522    113.291     2336.373     5396.850
29    32.82210    23.84650    113.933    113.443     3306.951     6137.985
30    29.91200    22.88730    113.970    113.746     3938.015     6206.135
