1    33.57480   40.67350    113.253    106.615    14848.595   18159.9156          64
2     5.70738    2.00000    114.000    114.000     2462.334     910.2873          64
3     5.57802    2.00000    114.000    114.000     2402.300     910.0219          64
4     5.81376    2.00000    114.000    114.000     2509.884     910.1420          64
5     5.55958    2.00000    114.000    114.000     2395.065     910.3020          64
6     6.41890    2.34483    114.000    114.000     2923.130    1116.8084          64
7    34.62990   67.70190    111.340    107.010    15313.582   36692.5350          64
8    33.00000   34.97380    112.692    111.183     1089.898    2363.4422          64
9    32.98860   33.14300    113.184    112.652     2253.788    3830.7774          64
10   32.98990   34.18010    113.287    112.490     2619.520    4277.8813          64
11   32.92740   32.79220    113.639    113.275     3497.615    4632.9511          64
12   32.85890   29.60260    113.764    113.374     4488.880    4430.5734          64
13   29.39130   33.59230    112.513    111.915     4675.763    6041.2444          64
14   24.21300   22.73580    112.619    110.357     1524.561    2881.5212          64
15   32.97460   17.63520    113.558    113.267     2241.081    1990.7653          64
16   32.99930   25.03140    113.308    112.768     2056.335    2685.6805          64
17   32.98900   27.72290    113.629    113.111     2898.777    3303.4848          64
18   32.95780   27.81120    113.745    113.485     4498.058    4276.9033          64
19   28.02960   30.14320    111.458    112.516     4024.152    4899.7878          64
20   23.18450   22.24600    111.181    110.194     1228.282    2763.2890          64
21   32.99550   20.98590    113.408    112.995     2144.628    2433.3087          64
22   32.95990   20.45320    113.567    112.926     2232.788    2254.7347          64
23   32.90380   22.54150    113.599    113.085     3283.175    2776.4678          64
24   22.96750   17.88450    113.846    113.744     3019.380    2650.7298          64
25   26.73890   30.57610    113.048    112.673     4106.192    5247.2790          64
26   22.75190   27.89720    113.277    110.992     1297.067    3817.2453          64
27   32.96080   24.10400    113.313    112.620     1721.601    2467.2535          64
28   32.99240   22.45450    113.522    113.291     2336.373    2421.5332          64
29   32.82210   23.84650    113.933    113.443     3306.951    3047.5802          64
30   29.91200   22.88730    113.970    113.746     3938.015    3411.0226          64
