1	33.438	35.5706	112.969	106.319	14853.7405	913908.537	1479	4194	4169	4151	4152	3936	72	153		35	4	3	2	3	1	0	341
2	5.69623	2	114.022	114	2474.7497	1428422.715	4096	4096	4096	1249	0	174	4053	4096		3	2	3	0	0	1	3	2
3	4.99831	2	114.039	114	2157.3871	689519.551	2625	0	0	2847	4096	4096	4096	4096		10	0	0	9	3	2	3	2
4	4.97181	2	114.047	114	2145.9021	799892	1471	4096	4096	4096	4096	3699	305	0		4	5	5	4	5	2	0	0
5	5.34525	2	114.072	114.13	2318.3292	869437.26	4096	4096	3980	1401	0	397	3791	4096		5	4	3	0	0	2	5	4
6	5.16798	2	114.087	114.074	2291.9463	246798.061	2164	2	116	2695	4096	4096	4096	4111		2	2	2	4	5	4	9	53
7	36.216	42.8314	119.839	117.637	6394.8539	8774.391	6316	6161	6159	5088	6030	5863	5282	12380		5719	6121	6144	5084	6020	5854	5277	6616
8	23.6288	18.598	118.211	117.16	823.1019	1636.474	13018	11310	11709	13319	12230	13074	11768	72170		12477	10832	11381	12915	11721	12520	11442	10303
9	23.7394	20.7596	116.98	116.708	1986.0931	3241.785	11429	10914	11982	11670	11196	9894	11602	23547		7119	6411	6710	6821	7593	6461	8116	9116
10	26.4664	27.5486	115.462	115.223	1352.7745	9230.45	10957	7746	8528	10968	13182	13023	11625	59060		2554	3202	3167	3614	3999	5013	3763	3580
11	21.8783	16.6104	118.761	116.754	842.7089	1367.547	17576	18009	17118	18811	18840	16943	20478	44133		11924	11640	11064	12883	12201	10313	12503	12427
12	29.7419	26.7975	113.083	113.23	3294.5256	16366.561	12153	9194	8651	10185	10627	10793	10265	12854		2985	2465	1690	1343	1420	2013	1633	2616
13	32.9437	35.8846	116.656	116.277	1545.6992	7909.51	11785	10104	10793	12448	12384	11648	9839	74690		5134	5831	6346	5368	5051	6502	4595	4933
14	20.704	14.3169	118.666	117.02	1121.7132	1476.551	15498	15089	14982	14781	15523	15126	18054	34310		10195	9334	10001	10310	10647	8142	11042	11456
15	23.1509	22.719	116.514	116.069	1238.1438	4883.086	16792	14189	14852	17734	15845	14402	18218	36963		5000	5835	5929	5887	4245	5209	6141	5696
